0538482966
0538497815
0538497904
0538498676
0538733411
0538733497
0538733527
053873518X
0538735503
0538745800
0538746769
0547167024
0578076926
0618439889
0664238261
0714856525
0721605710
0723435413
0735507104
0735507155
0735507406
0735507473
0735507899
0735510407
0735514453
0735562148
0735569207
0735570655
0735575746
0735584524
0735587787
0735589011
0735589178
0735589275
0735590214
0735592497
0735594198
0735594759
0735596360
0735596409
073559810X
0735598223
0735598630
0735598657
073559869X
0735598711
0735598754
0735599688
0735599920
0735663270
0743528931
0757561748
0757565565
0757598846
0761908943
0761919716
0761930906
0763763837
0763779849
0763780499
0763784583
076379788X
0763799742
0769300766
0769302696
0769847692
0769852866
0781445418
0781747805
0781785901
0784408092
0784410852
0789749769
0803617046
0803619464
0803622090
080362235X
0803622554
080362574X
0803627041
0805856277
0805859063
080801434X
0808025686
080802972X
0808032496
0815341296
0816909520
0824708385
0826106048
0826110495
0826118127
0826124526
0826195555
0826908004
0826913083
0826943152
0826992277
0831110848
083112900X
0837613310
0837616573
0837616654
0837616719
0840022255
0840028164
0840028172
0840028180
0840028555
0840028571
084002858X
0840028598
0840028601
084002861X
0840028644
0840028652
0840029136
0840029152
0840029160
0840032897
0840033559
0840033664
0840033869
0840033907
0840033931
0840034318
0840034350
0840034563
0840053592
0840054440
0840054459
084005498X
0840062060
0840062338
0840068077
084006845X
0840068484
0849303001
0849310830
0849370388
0870311778
0870610635
0873352238
0873352645
087389698X
0873897404
0874201632
0875530133
0876298226
0877657939
0877659141
087765915X
0877659168
0878143351
0878143432
0878936130
0890425558
0891083405
0891895876
089203579X
0894136437
0908228015
0914458248
0926544306
0939616424
0951054651
0954681363
0961408812
0971440166
097509100X
0981519431
0982760809
1111039135
1111039178
1111128618
1111136939
1111137781
1111138214
1111138273
1111186774
1111221294
1111221642
1111298092
1111298114
111129836X
1111298378
1111301247
1111301549
1111302723
1111302731
1111306117
1111306893
1111308713
1111309108
1111311897
1111312222
1111312524
1111312729
1111342105
1111342741
1111342806
1111343659
1111344442
1111344663
1111344930
1111346402
1111346488
111134650X
1111346550
1111346631
1111346852
1111346895
1111346909
111134910X
1111349274
1111357560
1111425779
1111427372
1111427410
1111525196
1111526435
1111526443
1111529116
1111530262
1111530599
1111530602
1111530610
1111530629
1111530637
1111531013
1111531048
111153117X
1111531315
1111532222
1111532826
1111533164
1111533849
1111539154
1111544093
1111544425
1111571139
1111576009
1111577730
1111578710
1111580243
1111644470
1111645698
1111648549
1111648573
111177157X
1111820635
1111821224
111182164X
1111822727
1111823456
1111824401
1111825165
111182584X
1111825866
1111825874
1111826927
1111827052
1111827079
1111828547
111182858X
1111828806
1111830053
1111830959
1111830991
1111831009
111183170X
1111831823
1111832617
1111833230
1111833389
1111834113
1111834490
1111834598
1111834792
1111835578
1111836841
1111837295
1111837422
1111837791
1111839018
1111840504
111184061X
1111969604
1111969752
1111970211
1111972141
1111972196
1111972206
1111972516
1111989664
1118007433
111801152X
1118012895
1118018494
1118018699
1118022025
1118022300
1118043561
1118057635
1118063333
1118063341
1118090861
1118093607
1118096894
1118120140
1118128168
1118130030
1118131347
1118146816
1118146921
1118147294
1118162285
1118163834
1118164296
1118231465
1118250966
1118277252
1118360087
1118369750
1118431111
1118466497
1118470125
1118511611
1118639316
1119978661
1133014887
1133016545
1133017452
1133018920
1133049567
1133049621
1133049656
1133049664
1133049796
1133104053
1133108660
1133135080
1133135102
1133135129
1133188281
113318863X
1133188796
1133189121
1133189369
1133189563
1133189695
1133190820
1133190871
1133278299
1133281001
1133307310
1133309739
1133310680
1133311598
1133313914
1133314163
1133314511
113343522X
1133485707
1133485936
1133492010
1133495230
1133495575
1133496237
1133526829
1133526853
1133586600
1133587143
1133587526
1133587577
1133591078
1133591906
1133592899
1133594700
1133594808
1133596746
1133598315
1133602126
1133604269
1133604374
1133607330
1133608302
1133626386
1133628184
1133628478
1133691803
1133945465
1133951481
113395653X
113396253X
128402136X
1285051378
1285052625
1285057090
1285061918
1285061942
1285061969
1285062663
1285064070
1285065352
1285065719
1285067606
1285070569
1285075420
1285075447
1285076915
1285083717
1285095057
1285098560
1285180755
1285180925
1285427998
1401840191
1401858775
1401864716
1401866352
1401879624
1402418884
140518812X
1409417867
1412939089
141297190X
1412978289
1412981352
1412983134
1412992044
1412992192
1412995302
1412999537
1413033210
1413033490
1416029230
1416031189
1416043926
1416045740
1416061657
1416066268
1416404848
1416609199
1418001392
141801169X
1418031976
1418041300
141804203X
1418042749
1418049344
1418053287
1418061395
1418067253
1418073539
1418837210
1419705563
1420043455
1420051350
1420052683
142006312X
1420064673
1420079131
1420085190
1420086634
1420089471
1420092901
1422417565
1422425010
1422490785
1428311491
1428312234
1428320768
1428321519
1428340572
1428360700
1429216328
1429218150
1429229365
1429229438
142923203X
1429234148
1429240024
1429240326
1429251638
1429282541
1429283432
1435419472
1435428234
1435447670
1435469828
1435482727
1435483308
1435483820
1435485327
1435488180
1435488849
1435497686
1435499123
1435499840
1437707556
1437707920
1437708609
1437709702
1437725430
1437727751
1437727999
1437728014
1437735827
1437735835
1439037272
143904211X
143904225X
1439046735
1439049629
1439055718
1439059020
1439077983
1439078092
1439078548
1439079021
1439079811
1439080356
1439086230
1439820783
1439836876
1439853029
1439862028
143986912X
1439870357
1439883483
1444133055
1446200469
1449626505
1449652387
1449653308
1449665063
1449665098
1449672116
1449691722
1449698131
1450721494
1451108590
1451109385
1451110804
1451111975
1451119453
1451128347
1451144199
1451176791
1452226105
1452230021
1452257876
1454802979
1454803983
145480615X
1454806176
1454806826
1454806885
1454806982
1454807083
1454807105
1454807199
1454807237
1454808144
1454808667
1454808691
1454808721
1454808756
145480890X
1454808969
1454809965
1454809981
1454810009
1454810025
1454812559
1454813598
145481361X
1454816457
1454816481
1454817577
1454820098
1454822333
1454822694
1454826983
1455700827
1455705519
1455706159
1455728462
1457608278
1457628317
1461407141
1461453070
1462502555
1463648359
1464102546
1466510900
1466516941
1466578289
1555706908
1555708595
1556483848
1556819501
1560324163
1560327146
1563270366
1563477807
1564240002
156424055X
1564240606
156577020X
1565931025
156593623X
1566705266
1567933548
1567933580
1567934218
1567934250
1567934757
1569904170
1569904367
1572309660
1574443062
1577663489
1577664558
1577666933
1579470858
1579478883
1580012515
1580017290
1582558566
1583213724
1584886374
1587059800
1587204444
1588520005
1590318862
1591260671
1591261465
1591261627
1591261902
1591263336
1591263417
1591263719
1591263808
1591263824
1591263875
1591263883
1591264103
1591413508
1591690374
1592293581
1593700563
1593701373
1593702167
1593702396
1593850204
1593853491
1593858213
1594608393
1596670894
1596933879
1597180734
1598570188
1598570935
159857194X
1598571966
1599410400
1599412098
1599412616
1599414015
1599414295
1599414635
159941497X
1599415380
1599415763
1599415925
1599416131
1599416417
1599417855
1599418541
1599418827
1599419238
1599419289
1599419505
1600421571
1600867510
1600869114
160156001X
1604420790
1605255696
1605477281
1607435330
1607649241
160764925X
1608071049
1608310043
1608310183
160831054X
1609137620
160930019X
1609300475
1609300548
1609300602
1609300637
1609300688
1609300696
1609300742
1609301072
1609301161
1609301382
1609302087
1609786076
1609786122
1609830407
1609830466
1612052274
1616328134
1616329734
1616890770
161746094X
1743331363
1856175006
185617610X
1887759859
1888577983
1891121014
189138922X
1892418169
1893858499
1933478802
1933578173
1935664212
1935707701
1935707981
1936007517
1936335565
1936335611
1936335689
1936362198
1936523000
352731069X
3527406018
3642096840
3829605552
3836534231
9814324558